# TSDF slice at Z=0 (0.44 meters)
# Format: X Y TSDF_value Weight
-1.006 -2.435 1.000000
-0.956 -2.435 1.000000
-0.906 -2.435 1.000000
-0.856 -2.435 1.000000
-0.806 -2.435 1.000000
-0.756 -2.435 1.000000
-0.706 -2.435 1.000000
-0.656 -2.435 1.000000
-0.606 -2.435 1.000000
-0.556 -2.435 1.000000
-0.506 -2.435 1.000000
-0.456 -2.435 1.000000
-0.406 -2.435 1.000000
-0.356 -2.435 1.000000
-0.306 -2.435 1.000000
-0.256 -2.435 1.000000
-0.206 -2.435 1.000000
-0.156 -2.435 1.000000
-0.106 -2.435 1.000000
-0.056 -2.435 1.000000
-0.006 -2.435 1.000000
0.044 -2.435 1.000000
0.094 -2.435 1.000000
0.144 -2.435 1.000000
0.194 -2.435 1.000000
0.244 -2.435 1.000000
0.294 -2.435 1.000000
0.344 -2.435 1.000000
0.394 -2.435 1.000000
0.444 -2.435 1.000000
0.494 -2.435 1.000000
0.544 -2.435 1.000000
0.594 -2.435 1.000000
0.644 -2.435 1.000000
0.694 -2.435 1.000000
0.744 -2.435 1.000000
0.794 -2.435 1.000000
0.844 -2.435 1.000000
0.894 -2.435 1.000000
0.944 -2.435 1.000000
0.994 -2.435 1.000000

-1.006 -2.385 1.000000
-0.956 -2.385 1.000000
-0.906 -2.385 1.000000
-0.856 -2.385 1.000000
-0.806 -2.385 1.000000
-0.756 -2.385 1.000000
-0.706 -2.385 1.000000
-0.656 -2.385 1.000000
-0.606 -2.385 1.000000
-0.556 -2.385 1.000000
-0.506 -2.385 1.000000
-0.456 -2.385 1.000000
-0.406 -2.385 1.000000
-0.356 -2.385 1.000000
-0.306 -2.385 1.000000
-0.256 -2.385 1.000000
-0.206 -2.385 1.000000
-0.156 -2.385 1.000000
-0.106 -2.385 1.000000
-0.056 -2.385 1.000000
-0.006 -2.385 1.000000
0.044 -2.385 1.000000
0.094 -2.385 1.000000
0.144 -2.385 1.000000
0.194 -2.385 1.000000
0.244 -2.385 1.000000
0.294 -2.385 1.000000
0.344 -2.385 1.000000
0.394 -2.385 1.000000
0.444 -2.385 1.000000
0.494 -2.385 1.000000
0.544 -2.385 1.000000
0.594 -2.385 1.000000
0.644 -2.385 1.000000
0.694 -2.385 1.000000
0.744 -2.385 1.000000
0.794 -2.385 1.000000
0.844 -2.385 1.000000
0.894 -2.385 1.000000
0.944 -2.385 1.000000
0.994 -2.385 1.000000

-1.006 -2.335 1.000000
-0.956 -2.335 1.000000
-0.906 -2.335 1.000000
-0.856 -2.335 1.000000
-0.806 -2.335 1.000000
-0.756 -2.335 1.000000
-0.706 -2.335 1.000000
-0.656 -2.335 1.000000
-0.606 -2.335 1.000000
-0.556 -2.335 1.000000
-0.506 -2.335 1.000000
-0.456 -2.335 1.000000
-0.406 -2.335 1.000000
-0.356 -2.335 1.000000
-0.306 -2.335 1.000000
-0.256 -2.335 1.000000
-0.206 -2.335 1.000000
-0.156 -2.335 1.000000
-0.106 -2.335 1.000000
-0.056 -2.335 1.000000
-0.006 -2.335 1.000000
0.044 -2.335 1.000000
0.094 -2.335 1.000000
0.144 -2.335 1.000000
0.194 -2.335 1.000000
0.244 -2.335 1.000000
0.294 -2.335 1.000000
0.344 -2.335 1.000000
0.394 -2.335 1.000000
0.444 -2.335 1.000000
0.494 -2.335 1.000000
0.544 -2.335 1.000000
0.594 -2.335 1.000000
0.644 -2.335 1.000000
0.694 -2.335 1.000000
0.744 -2.335 1.000000
0.794 -2.335 1.000000
0.844 -2.335 1.000000
0.894 -2.335 1.000000
0.944 -2.335 1.000000
0.994 -2.335 1.000000

-1.006 -2.285 1.000000
-0.956 -2.285 1.000000
-0.906 -2.285 1.000000
-0.856 -2.285 1.000000
-0.806 -2.285 1.000000
-0.756 -2.285 1.000000
-0.706 -2.285 1.000000
-0.656 -2.285 1.000000
-0.606 -2.285 1.000000
-0.556 -2.285 1.000000
-0.506 -2.285 1.000000
-0.456 -2.285 1.000000
-0.406 -2.285 1.000000
-0.356 -2.285 1.000000
-0.306 -2.285 1.000000
-0.256 -2.285 1.000000
-0.206 -2.285 1.000000
-0.156 -2.285 1.000000
-0.106 -2.285 1.000000
-0.056 -2.285 1.000000
-0.006 -2.285 1.000000
0.044 -2.285 1.000000
0.094 -2.285 1.000000
0.144 -2.285 1.000000
0.194 -2.285 1.000000
0.244 -2.285 1.000000
0.294 -2.285 1.000000
0.344 -2.285 1.000000
0.394 -2.285 1.000000
0.444 -2.285 1.000000
0.494 -2.285 1.000000
0.544 -2.285 1.000000
0.594 -2.285 1.000000
0.644 -2.285 1.000000
0.694 -2.285 1.000000
0.744 -2.285 1.000000
0.794 -2.285 1.000000
0.844 -2.285 1.000000
0.894 -2.285 1.000000
0.944 -2.285 1.000000
0.994 -2.285 1.000000

-1.006 -2.235 1.000000
-0.956 -2.235 1.000000
-0.906 -2.235 1.000000
-0.856 -2.235 1.000000
-0.806 -2.235 1.000000
-0.756 -2.235 1.000000
-0.706 -2.235 1.000000
-0.656 -2.235 1.000000
-0.606 -2.235 1.000000
-0.556 -2.235 1.000000
-0.506 -2.235 1.000000
-0.456 -2.235 1.000000
-0.406 -2.235 1.000000
-0.356 -2.235 1.000000
-0.306 -2.235 1.000000
-0.256 -2.235 1.000000
-0.206 -2.235 1.000000
-0.156 -2.235 1.000000
-0.106 -2.235 1.000000
-0.056 -2.235 1.000000
-0.006 -2.235 1.000000
0.044 -2.235 1.000000
0.094 -2.235 1.000000
0.144 -2.235 1.000000
0.194 -2.235 1.000000
0.244 -2.235 1.000000
0.294 -2.235 1.000000
0.344 -2.235 1.000000
0.394 -2.235 1.000000
0.444 -2.235 1.000000
0.494 -2.235 1.000000
0.544 -2.235 1.000000
0.594 -2.235 1.000000
0.644 -2.235 1.000000
0.694 -2.235 1.000000
0.744 -2.235 1.000000
0.794 -2.235 1.000000
0.844 -2.235 1.000000
0.894 -2.235 1.000000
0.944 -2.235 1.000000
0.994 -2.235 1.000000

-1.006 -2.185 1.000000
-0.956 -2.185 1.000000
-0.906 -2.185 1.000000
-0.856 -2.185 1.000000
-0.806 -2.185 1.000000
-0.756 -2.185 1.000000
-0.706 -2.185 1.000000
-0.656 -2.185 1.000000
-0.606 -2.185 1.000000
-0.556 -2.185 1.000000
-0.506 -2.185 1.000000
-0.456 -2.185 1.000000
-0.406 -2.185 1.000000
-0.356 -2.185 1.000000
-0.306 -2.185 1.000000
-0.256 -2.185 1.000000
-0.206 -2.185 1.000000
-0.156 -2.185 1.000000
-0.106 -2.185 1.000000
-0.056 -2.185 1.000000
-0.006 -2.185 1.000000
0.044 -2.185 1.000000
0.094 -2.185 1.000000
0.144 -2.185 1.000000
0.194 -2.185 1.000000
0.244 -2.185 1.000000
0.294 -2.185 1.000000
0.344 -2.185 1.000000
0.394 -2.185 1.000000
0.444 -2.185 1.000000
0.494 -2.185 1.000000
0.544 -2.185 1.000000
0.594 -2.185 1.000000
0.644 -2.185 1.000000
0.694 -2.185 1.000000
0.744 -2.185 1.000000
0.794 -2.185 1.000000
0.844 -2.185 1.000000
0.894 -2.185 1.000000
0.944 -2.185 1.000000
0.994 -2.185 1.000000

-1.006 -2.135 1.000000
-0.956 -2.135 1.000000
-0.906 -2.135 1.000000
-0.856 -2.135 1.000000
-0.806 -2.135 1.000000
-0.756 -2.135 1.000000
-0.706 -2.135 1.000000
-0.656 -2.135 1.000000
-0.606 -2.135 1.000000
-0.556 -2.135 1.000000
-0.506 -2.135 1.000000
-0.456 -2.135 1.000000
-0.406 -2.135 1.000000
-0.356 -2.135 1.000000
-0.306 -2.135 1.000000
-0.256 -2.135 1.000000
-0.206 -2.135 1.000000
-0.156 -2.135 1.000000
-0.106 -2.135 1.000000
-0.056 -2.135 1.000000
-0.006 -2.135 1.000000
0.044 -2.135 1.000000
0.094 -2.135 1.000000
0.144 -2.135 1.000000
0.194 -2.135 1.000000
0.244 -2.135 1.000000
0.294 -2.135 1.000000
0.344 -2.135 1.000000
0.394 -2.135 1.000000
0.444 -2.135 1.000000
0.494 -2.135 1.000000
0.544 -2.135 1.000000
0.594 -2.135 1.000000
0.644 -2.135 1.000000
0.694 -2.135 1.000000
0.744 -2.135 1.000000
0.794 -2.135 1.000000
0.844 -2.135 1.000000
0.894 -2.135 1.000000
0.944 -2.135 1.000000
0.994 -2.135 1.000000

-1.006 -2.085 1.000000
-0.956 -2.085 1.000000
-0.906 -2.085 1.000000
-0.856 -2.085 1.000000
-0.806 -2.085 1.000000
-0.756 -2.085 1.000000
-0.706 -2.085 1.000000
-0.656 -2.085 1.000000
-0.606 -2.085 1.000000
-0.556 -2.085 1.000000
-0.506 -2.085 1.000000
-0.456 -2.085 1.000000
-0.406 -2.085 1.000000
-0.356 -2.085 1.000000
-0.306 -2.085 1.000000
-0.256 -2.085 1.000000
-0.206 -2.085 1.000000
-0.156 -2.085 1.000000
-0.106 -2.085 1.000000
-0.056 -2.085 1.000000
-0.006 -2.085 1.000000
0.044 -2.085 1.000000
0.094 -2.085 1.000000
0.144 -2.085 1.000000
0.194 -2.085 1.000000
0.244 -2.085 1.000000
0.294 -2.085 1.000000
0.344 -2.085 1.000000
0.394 -2.085 1.000000
0.444 -2.085 1.000000
0.494 -2.085 1.000000
0.544 -2.085 1.000000
0.594 -2.085 1.000000
0.644 -2.085 1.000000
0.694 -2.085 1.000000
0.744 -2.085 1.000000
0.794 -2.085 1.000000
0.844 -2.085 1.000000
0.894 -2.085 1.000000
0.944 -2.085 1.000000
0.994 -2.085 1.000000

-1.006 -2.035 1.000000
-0.956 -2.035 1.000000
-0.906 -2.035 1.000000
-0.856 -2.035 1.000000
-0.806 -2.035 1.000000
-0.756 -2.035 1.000000
-0.706 -2.035 1.000000
-0.656 -2.035 1.000000
-0.606 -2.035 1.000000
-0.556 -2.035 1.000000
-0.506 -2.035 1.000000
-0.456 -2.035 1.000000
-0.406 -2.035 1.000000
-0.356 -2.035 1.000000
-0.306 -2.035 1.000000
-0.256 -2.035 1.000000
-0.206 -2.035 1.000000
-0.156 -2.035 1.000000
-0.106 -2.035 1.000000
-0.056 -2.035 1.000000
-0.006 -2.035 1.000000
0.044 -2.035 1.000000
0.094 -2.035 1.000000
0.144 -2.035 1.000000
0.194 -2.035 1.000000
0.244 -2.035 1.000000
0.294 -2.035 1.000000
0.344 -2.035 1.000000
0.394 -2.035 1.000000
0.444 -2.035 1.000000
0.494 -2.035 1.000000
0.544 -2.035 1.000000
0.594 -2.035 1.000000
0.644 -2.035 1.000000
0.694 -2.035 1.000000
0.744 -2.035 1.000000
0.794 -2.035 1.000000
0.844 -2.035 1.000000
0.894 -2.035 1.000000
0.944 -2.035 1.000000
0.994 -2.035 1.000000

-1.006 -1.985 1.000000
-0.956 -1.985 1.000000
-0.906 -1.985 1.000000
-0.856 -1.985 1.000000
-0.806 -1.985 1.000000
-0.756 -1.985 1.000000
-0.706 -1.985 1.000000
-0.656 -1.985 1.000000
-0.606 -1.985 1.000000
-0.556 -1.985 1.000000
-0.506 -1.985 1.000000
-0.456 -1.985 1.000000
-0.406 -1.985 1.000000
-0.356 -1.985 1.000000
-0.306 -1.985 1.000000
-0.256 -1.985 1.000000
-0.206 -1.985 1.000000
-0.156 -1.985 1.000000
-0.106 -1.985 1.000000
-0.056 -1.985 1.000000
-0.006 -1.985 1.000000
0.044 -1.985 1.000000
0.094 -1.985 1.000000
0.144 -1.985 1.000000
0.194 -1.985 1.000000
0.244 -1.985 1.000000
0.294 -1.985 1.000000
0.344 -1.985 1.000000
0.394 -1.985 1.000000
0.444 -1.985 1.000000
0.494 -1.985 1.000000
0.544 -1.985 1.000000
0.594 -1.985 1.000000
0.644 -1.985 1.000000
0.694 -1.985 1.000000
0.744 -1.985 1.000000
0.794 -1.985 1.000000
0.844 -1.985 1.000000
0.894 -1.985 1.000000
0.944 -1.985 1.000000
0.994 -1.985 1.000000

-1.006 -1.935 1.000000
-0.956 -1.935 1.000000
-0.906 -1.935 1.000000
-0.856 -1.935 1.000000
-0.806 -1.935 1.000000
-0.756 -1.935 1.000000
-0.706 -1.935 1.000000
-0.656 -1.935 1.000000
-0.606 -1.935 1.000000
-0.556 -1.935 1.000000
-0.506 -1.935 1.000000
-0.456 -1.935 1.000000
-0.406 -1.935 1.000000
-0.356 -1.935 1.000000
-0.306 -1.935 1.000000
-0.256 -1.935 1.000000
-0.206 -1.935 1.000000
-0.156 -1.935 1.000000
-0.106 -1.935 1.000000
-0.056 -1.935 1.000000
-0.006 -1.935 1.000000
0.044 -1.935 1.000000
0.094 -1.935 1.000000
0.144 -1.935 1.000000
0.194 -1.935 1.000000
0.244 -1.935 1.000000
0.294 -1.935 1.000000
0.344 -1.935 1.000000
0.394 -1.935 1.000000
0.444 -1.935 1.000000
0.494 -1.935 1.000000
0.544 -1.935 1.000000
0.594 -1.935 1.000000
0.644 -1.935 1.000000
0.694 -1.935 1.000000
0.744 -1.935 1.000000
0.794 -1.935 1.000000
0.844 -1.935 1.000000
0.894 -1.935 1.000000
0.944 -1.935 1.000000
0.994 -1.935 1.000000

-1.006 -1.885 1.000000
-0.956 -1.885 1.000000
-0.906 -1.885 1.000000
-0.856 -1.885 1.000000
-0.806 -1.885 1.000000
-0.756 -1.885 1.000000
-0.706 -1.885 1.000000
-0.656 -1.885 1.000000
-0.606 -1.885 1.000000
-0.556 -1.885 1.000000
-0.506 -1.885 1.000000
-0.456 -1.885 1.000000
-0.406 -1.885 1.000000
-0.356 -1.885 1.000000
-0.306 -1.885 1.000000
-0.256 -1.885 1.000000
-0.206 -1.885 1.000000
-0.156 -1.885 1.000000
-0.106 -1.885 1.000000
-0.056 -1.885 1.000000
-0.006 -1.885 1.000000
0.044 -1.885 1.000000
0.094 -1.885 1.000000
0.144 -1.885 1.000000
0.194 -1.885 1.000000
0.244 -1.885 1.000000
0.294 -1.885 1.000000
0.344 -1.885 1.000000
0.394 -1.885 1.000000
0.444 -1.885 1.000000
0.494 -1.885 1.000000
0.544 -1.885 1.000000
0.594 -1.885 1.000000
0.644 -1.885 1.000000
0.694 -1.885 1.000000
0.744 -1.885 1.000000
0.794 -1.885 1.000000
0.844 -1.885 1.000000
0.894 -1.885 1.000000
0.944 -1.885 1.000000
0.994 -1.885 1.000000

-1.006 -1.835 1.000000
-0.956 -1.835 1.000000
-0.906 -1.835 1.000000
-0.856 -1.835 1.000000
-0.806 -1.835 1.000000
-0.756 -1.835 1.000000
-0.706 -1.835 1.000000
-0.656 -1.835 1.000000
-0.606 -1.835 1.000000
-0.556 -1.835 1.000000
-0.506 -1.835 1.000000
-0.456 -1.835 1.000000
-0.406 -1.835 1.000000
-0.356 -1.835 1.000000
-0.306 -1.835 1.000000
-0.256 -1.835 1.000000
-0.206 -1.835 1.000000
-0.156 -1.835 1.000000
-0.106 -1.835 1.000000
-0.056 -1.835 1.000000
-0.006 -1.835 1.000000
0.044 -1.835 1.000000
0.094 -1.835 1.000000
0.144 -1.835 1.000000
0.194 -1.835 1.000000
0.244 -1.835 1.000000
0.294 -1.835 1.000000
0.344 -1.835 1.000000
0.394 -1.835 1.000000
0.444 -1.835 1.000000
0.494 -1.835 1.000000
0.544 -1.835 1.000000
0.594 -1.835 1.000000
0.644 -1.835 1.000000
0.694 -1.835 1.000000
0.744 -1.835 1.000000
0.794 -1.835 1.000000
0.844 -1.835 1.000000
0.894 -1.835 1.000000
0.944 -1.835 1.000000
0.994 -1.835 1.000000

-1.006 -1.785 1.000000
-0.956 -1.785 1.000000
-0.906 -1.785 1.000000
-0.856 -1.785 1.000000
-0.806 -1.785 1.000000
-0.756 -1.785 1.000000
-0.706 -1.785 1.000000
-0.656 -1.785 1.000000
-0.606 -1.785 1.000000
-0.556 -1.785 1.000000
-0.506 -1.785 1.000000
-0.456 -1.785 1.000000
-0.406 -1.785 1.000000
-0.356 -1.785 1.000000
-0.306 -1.785 1.000000
-0.256 -1.785 1.000000
-0.206 -1.785 1.000000
-0.156 -1.785 1.000000
-0.106 -1.785 1.000000
-0.056 -1.785 1.000000
-0.006 -1.785 1.000000
0.044 -1.785 1.000000
0.094 -1.785 1.000000
0.144 -1.785 1.000000
0.194 -1.785 1.000000
0.244 -1.785 1.000000
0.294 -1.785 1.000000
0.344 -1.785 1.000000
0.394 -1.785 1.000000
0.444 -1.785 1.000000
0.494 -1.785 1.000000
0.544 -1.785 1.000000
0.594 -1.785 1.000000
0.644 -1.785 1.000000
0.694 -1.785 1.000000
0.744 -1.785 1.000000
0.794 -1.785 1.000000
0.844 -1.785 1.000000
0.894 -1.785 1.000000
0.944 -1.785 1.000000
0.994 -1.785 1.000000

-1.006 -1.735 1.000000
-0.956 -1.735 1.000000
-0.906 -1.735 1.000000
-0.856 -1.735 1.000000
-0.806 -1.735 1.000000
-0.756 -1.735 1.000000
-0.706 -1.735 1.000000
-0.656 -1.735 1.000000
-0.606 -1.735 1.000000
-0.556 -1.735 1.000000
-0.506 -1.735 1.000000
-0.456 -1.735 1.000000
-0.406 -1.735 1.000000
-0.356 -1.735 1.000000
-0.306 -1.735 1.000000
-0.256 -1.735 1.000000
-0.206 -1.735 1.000000
-0.156 -1.735 1.000000
-0.106 -1.735 1.000000
-0.056 -1.735 1.000000
-0.006 -1.735 1.000000
0.044 -1.735 1.000000
0.094 -1.735 1.000000
0.144 -1.735 1.000000
0.194 -1.735 1.000000
0.244 -1.735 1.000000
0.294 -1.735 1.000000
0.344 -1.735 1.000000
0.394 -1.735 1.000000
0.444 -1.735 1.000000
0.494 -1.735 1.000000
0.544 -1.735 1.000000
0.594 -1.735 1.000000
0.644 -1.735 1.000000
0.694 -1.735 1.000000
0.744 -1.735 1.000000
0.794 -1.735 1.000000
0.844 -1.735 1.000000
0.894 -1.735 1.000000
0.944 -1.735 1.000000
0.994 -1.735 1.000000

-1.006 -1.685 1.000000
-0.956 -1.685 1.000000
-0.906 -1.685 1.000000
-0.856 -1.685 1.000000
-0.806 -1.685 1.000000
-0.756 -1.685 1.000000
-0.706 -1.685 1.000000
-0.656 -1.685 1.000000
-0.606 -1.685 1.000000
-0.556 -1.685 1.000000
-0.506 -1.685 1.000000
-0.456 -1.685 1.000000
-0.406 -1.685 1.000000
-0.356 -1.685 1.000000
-0.306 -1.685 1.000000
-0.256 -1.685 1.000000
-0.206 -1.685 1.000000
-0.156 -1.685 1.000000
-0.106 -1.685 1.000000
-0.056 -1.685 1.000000
-0.006 -1.685 1.000000
0.044 -1.685 1.000000
0.094 -1.685 1.000000
0.144 -1.685 1.000000
0.194 -1.685 1.000000
0.244 -1.685 1.000000
0.294 -1.685 1.000000
0.344 -1.685 1.000000
0.394 -1.685 1.000000
0.444 -1.685 1.000000
0.494 -1.685 1.000000
0.544 -1.685 1.000000
0.594 -1.685 1.000000
0.644 -1.685 1.000000
0.694 -1.685 1.000000
0.744 -1.685 1.000000
0.794 -1.685 1.000000
0.844 -1.685 1.000000
0.894 -1.685 1.000000
0.944 -1.685 1.000000
0.994 -1.685 1.000000

-1.006 -1.635 1.000000
-0.956 -1.635 1.000000
-0.906 -1.635 1.000000
-0.856 -1.635 1.000000
-0.806 -1.635 1.000000
-0.756 -1.635 1.000000
-0.706 -1.635 1.000000
-0.656 -1.635 1.000000
-0.606 -1.635 1.000000
-0.556 -1.635 1.000000
-0.506 -1.635 1.000000
-0.456 -1.635 1.000000
-0.406 -1.635 1.000000
-0.356 -1.635 1.000000
-0.306 -1.635 1.000000
-0.256 -1.635 1.000000
-0.206 -1.635 1.000000
-0.156 -1.635 1.000000
-0.106 -1.635 1.000000
-0.056 -1.635 1.000000
-0.006 -1.635 1.000000
0.044 -1.635 1.000000
0.094 -1.635 1.000000
0.144 -1.635 1.000000
0.194 -1.635 1.000000
0.244 -1.635 1.000000
0.294 -1.635 1.000000
0.344 -1.635 1.000000
0.394 -1.635 1.000000
0.444 -1.635 1.000000
0.494 -1.635 1.000000
0.544 -1.635 1.000000
0.594 -1.635 1.000000
0.644 -1.635 1.000000
0.694 -1.635 1.000000
0.744 -1.635 1.000000
0.794 -1.635 1.000000
0.844 -1.635 1.000000
0.894 -1.635 1.000000
0.944 -1.635 1.000000
0.994 -1.635 1.000000

-1.006 -1.585 1.000000
-0.956 -1.585 1.000000
-0.906 -1.585 1.000000
-0.856 -1.585 1.000000
-0.806 -1.585 1.000000
-0.756 -1.585 1.000000
-0.706 -1.585 1.000000
-0.656 -1.585 1.000000
-0.606 -1.585 1.000000
-0.556 -1.585 1.000000
-0.506 -1.585 1.000000
-0.456 -1.585 1.000000
-0.406 -1.585 1.000000
-0.356 -1.585 1.000000
-0.306 -1.585 1.000000
-0.256 -1.585 1.000000
-0.206 -1.585 1.000000
-0.156 -1.585 1.000000
-0.106 -1.585 1.000000
-0.056 -1.585 1.000000
-0.006 -1.585 1.000000
0.044 -1.585 1.000000
0.094 -1.585 1.000000
0.144 -1.585 1.000000
0.194 -1.585 1.000000
0.244 -1.585 1.000000
0.294 -1.585 1.000000
0.344 -1.585 1.000000
0.394 -1.585 1.000000
0.444 -1.585 1.000000
0.494 -1.585 1.000000
0.544 -1.585 1.000000
0.594 -1.585 1.000000
0.644 -1.585 1.000000
0.694 -1.585 1.000000
0.744 -1.585 1.000000
0.794 -1.585 1.000000
0.844 -1.585 1.000000
0.894 -1.585 1.000000
0.944 -1.585 1.000000
0.994 -1.585 1.000000

-1.006 -1.535 1.000000
-0.956 -1.535 1.000000
-0.906 -1.535 1.000000
-0.856 -1.535 1.000000
-0.806 -1.535 1.000000
-0.756 -1.535 1.000000
-0.706 -1.535 1.000000
-0.656 -1.535 1.000000
-0.606 -1.535 1.000000
-0.556 -1.535 1.000000
-0.506 -1.535 1.000000
-0.456 -1.535 1.000000
-0.406 -1.535 1.000000
-0.356 -1.535 1.000000
-0.306 -1.535 1.000000
-0.256 -1.535 1.000000
-0.206 -1.535 1.000000
-0.156 -1.535 1.000000
-0.106 -1.535 1.000000
-0.056 -1.535 1.000000
-0.006 -1.535 1.000000
0.044 -1.535 1.000000
0.094 -1.535 1.000000
0.144 -1.535 1.000000
0.194 -1.535 1.000000
0.244 -1.535 1.000000
0.294 -1.535 1.000000
0.344 -1.535 1.000000
0.394 -1.535 1.000000
0.444 -1.535 1.000000
0.494 -1.535 1.000000
0.544 -1.535 1.000000
0.594 -1.535 1.000000
0.644 -1.535 1.000000
0.694 -1.535 1.000000
0.744 -1.535 1.000000
0.794 -1.535 1.000000
0.844 -1.535 1.000000
0.894 -1.535 1.000000
0.944 -1.535 1.000000
0.994 -1.535 1.000000

-1.006 -1.485 1.000000
-0.956 -1.485 1.000000
-0.906 -1.485 1.000000
-0.856 -1.485 1.000000
-0.806 -1.485 1.000000
-0.756 -1.485 1.000000
-0.706 -1.485 1.000000
-0.656 -1.485 1.000000
-0.606 -1.485 1.000000
-0.556 -1.485 1.000000
-0.506 -1.485 1.000000
-0.456 -1.485 1.000000
-0.406 -1.485 1.000000
-0.356 -1.485 1.000000
-0.306 -1.485 1.000000
-0.256 -1.485 1.000000
-0.206 -1.485 1.000000
-0.156 -1.485 1.000000
-0.106 -1.485 1.000000
-0.056 -1.485 1.000000
-0.006 -1.485 1.000000
0.044 -1.485 1.000000
0.094 -1.485 1.000000
0.144 -1.485 1.000000
0.194 -1.485 1.000000
0.244 -1.485 1.000000
0.294 -1.485 1.000000
0.344 -1.485 1.000000
0.394 -1.485 1.000000
0.444 -1.485 1.000000
0.494 -1.485 1.000000
0.544 -1.485 1.000000
0.594 -1.485 1.000000
0.644 -1.485 1.000000
0.694 -1.485 1.000000
0.744 -1.485 1.000000
0.794 -1.485 1.000000
0.844 -1.485 1.000000
0.894 -1.485 1.000000
0.944 -1.485 1.000000
0.994 -1.485 1.000000

-1.006 -1.435 1.000000
-0.956 -1.435 1.000000
-0.906 -1.435 1.000000
-0.856 -1.435 1.000000
-0.806 -1.435 1.000000
-0.756 -1.435 1.000000
-0.706 -1.435 1.000000
-0.656 -1.435 1.000000
-0.606 -1.435 1.000000
-0.556 -1.435 1.000000
-0.506 -1.435 1.000000
-0.456 -1.435 1.000000
-0.406 -1.435 1.000000
-0.356 -1.435 1.000000
-0.306 -1.435 1.000000
-0.256 -1.435 1.000000
-0.206 -1.435 1.000000
-0.156 -1.435 1.000000
-0.106 -1.435 1.000000
-0.056 -1.435 1.000000
-0.006 -1.435 1.000000
0.044 -1.435 1.000000
0.094 -1.435 1.000000
0.144 -1.435 1.000000
0.194 -1.435 1.000000
0.244 -1.435 1.000000
0.294 -1.435 1.000000
0.344 -1.435 1.000000
0.394 -1.435 1.000000
0.444 -1.435 1.000000
0.494 -1.435 1.000000
0.544 -1.435 1.000000
0.594 -1.435 1.000000
0.644 -1.435 1.000000
0.694 -1.435 1.000000
0.744 -1.435 1.000000
0.794 -1.435 1.000000
0.844 -1.435 1.000000
0.894 -1.435 1.000000
0.944 -1.435 1.000000
0.994 -1.435 1.000000

-1.006 -1.385 1.000000
-0.956 -1.385 1.000000
-0.906 -1.385 1.000000
-0.856 -1.385 1.000000
-0.806 -1.385 1.000000
-0.756 -1.385 1.000000
-0.706 -1.385 1.000000
-0.656 -1.385 1.000000
-0.606 -1.385 1.000000
-0.556 -1.385 1.000000
-0.506 -1.385 1.000000
-0.456 -1.385 1.000000
-0.406 -1.385 1.000000
-0.356 -1.385 1.000000
-0.306 -1.385 1.000000
-0.256 -1.385 1.000000
-0.206 -1.385 1.000000
-0.156 -1.385 1.000000
-0.106 -1.385 1.000000
-0.056 -1.385 1.000000
-0.006 -1.385 1.000000
0.044 -1.385 1.000000
0.094 -1.385 1.000000
0.144 -1.385 1.000000
0.194 -1.385 1.000000
0.244 -1.385 1.000000
0.294 -1.385 1.000000
0.344 -1.385 1.000000
0.394 -1.385 1.000000
0.444 -1.385 1.000000
0.494 -1.385 1.000000
0.544 -1.385 1.000000
0.594 -1.385 1.000000
0.644 -1.385 1.000000
0.694 -1.385 1.000000
0.744 -1.385 1.000000
0.794 -1.385 1.000000
0.844 -1.385 1.000000
0.894 -1.385 1.000000
0.944 -1.385 1.000000
0.994 -1.385 1.000000

-1.006 -1.335 1.000000
-0.956 -1.335 1.000000
-0.906 -1.335 1.000000
-0.856 -1.335 1.000000
-0.806 -1.335 1.000000
-0.756 -1.335 1.000000
-0.706 -1.335 1.000000
-0.656 -1.335 1.000000
-0.606 -1.335 1.000000
-0.556 -1.335 1.000000
-0.506 -1.335 1.000000
-0.456 -1.335 1.000000
-0.406 -1.335 1.000000
-0.356 -1.335 1.000000
-0.306 -1.335 1.000000
-0.256 -1.335 1.000000
-0.206 -1.335 1.000000
-0.156 -1.335 1.000000
-0.106 -1.335 1.000000
-0.056 -1.335 1.000000
-0.006 -1.335 1.000000
0.044 -1.335 1.000000
0.094 -1.335 1.000000
0.144 -1.335 1.000000
0.194 -1.335 1.000000
0.244 -1.335 1.000000
0.294 -1.335 1.000000
0.344 -1.335 1.000000
0.394 -1.335 1.000000
0.444 -1.335 1.000000
0.494 -1.335 1.000000
0.544 -1.335 1.000000
0.594 -1.335 1.000000
0.644 -1.335 1.000000
0.694 -1.335 1.000000
0.744 -1.335 1.000000
0.794 -1.335 1.000000
0.844 -1.335 1.000000
0.894 -1.335 1.000000
0.944 -1.335 1.000000
0.994 -1.335 1.000000

-1.006 -1.285 1.000000
-0.956 -1.285 1.000000
-0.906 -1.285 1.000000
-0.856 -1.285 1.000000
-0.806 -1.285 1.000000
-0.756 -1.285 1.000000
-0.706 -1.285 1.000000
-0.656 -1.285 1.000000
-0.606 -1.285 1.000000
-0.556 -1.285 1.000000
-0.506 -1.285 1.000000
-0.456 -1.285 1.000000
-0.406 -1.285 1.000000
-0.356 -1.285 1.000000
-0.306 -1.285 1.000000
-0.256 -1.285 1.000000
-0.206 -1.285 1.000000
-0.156 -1.285 1.000000
-0.106 -1.285 1.000000
-0.056 -1.285 1.000000
-0.006 -1.285 1.000000
0.044 -1.285 1.000000
0.094 -1.285 1.000000
0.144 -1.285 1.000000
0.194 -1.285 1.000000
0.244 -1.285 1.000000
0.294 -1.285 1.000000
0.344 -1.285 1.000000
0.394 -1.285 1.000000
0.444 -1.285 1.000000
0.494 -1.285 1.000000
0.544 -1.285 1.000000
0.594 -1.285 1.000000
0.644 -1.285 1.000000
0.694 -1.285 1.000000
0.744 -1.285 1.000000
0.794 -1.285 1.000000
0.844 -1.285 1.000000
0.894 -1.285 1.000000
0.944 -1.285 1.000000
0.994 -1.285 1.000000

-1.006 -1.235 1.000000
-0.956 -1.235 1.000000
-0.906 -1.235 1.000000
-0.856 -1.235 1.000000
-0.806 -1.235 1.000000
-0.756 -1.235 1.000000
-0.706 -1.235 1.000000
-0.656 -1.235 1.000000
-0.606 -1.235 1.000000
-0.556 -1.235 1.000000
-0.506 -1.235 1.000000
-0.456 -1.235 1.000000
-0.406 -1.235 1.000000
-0.356 -1.235 1.000000
-0.306 -1.235 1.000000
-0.256 -1.235 1.000000
-0.206 -1.235 1.000000
-0.156 -1.235 1.000000
-0.106 -1.235 1.000000
-0.056 -1.235 1.000000
-0.006 -1.235 1.000000
0.044 -1.235 1.000000
0.094 -1.235 1.000000
0.144 -1.235 1.000000
0.194 -1.235 1.000000
0.244 -1.235 1.000000
0.294 -1.235 1.000000
0.344 -1.235 1.000000
0.394 -1.235 1.000000
0.444 -1.235 1.000000
0.494 -1.235 1.000000
0.544 -1.235 1.000000
0.594 -1.235 1.000000
0.644 -1.235 1.000000
0.694 -1.235 1.000000
0.744 -1.235 1.000000
0.794 -1.235 1.000000
0.844 -1.235 1.000000
0.894 -1.235 1.000000
0.944 -1.235 1.000000
0.994 -1.235 1.000000

-1.006 -1.185 1.000000
-0.956 -1.185 1.000000
-0.906 -1.185 1.000000
-0.856 -1.185 1.000000
-0.806 -1.185 1.000000
-0.756 -1.185 1.000000
-0.706 -1.185 1.000000
-0.656 -1.185 1.000000
-0.606 -1.185 1.000000
-0.556 -1.185 1.000000
-0.506 -1.185 1.000000
-0.456 -1.185 1.000000
-0.406 -1.185 1.000000
-0.356 -1.185 1.000000
-0.306 -1.185 1.000000
-0.256 -1.185 1.000000
-0.206 -1.185 1.000000
-0.156 -1.185 1.000000
-0.106 -1.185 1.000000
-0.056 -1.185 1.000000
-0.006 -1.185 1.000000
0.044 -1.185 1.000000
0.094 -1.185 1.000000
0.144 -1.185 1.000000
0.194 -1.185 1.000000
0.244 -1.185 1.000000
0.294 -1.185 1.000000
0.344 -1.185 1.000000
0.394 -1.185 1.000000
0.444 -1.185 1.000000
0.494 -1.185 1.000000
0.544 -1.185 1.000000
0.594 -1.185 1.000000
0.644 -1.185 1.000000
0.694 -1.185 1.000000
0.744 -1.185 1.000000
0.794 -1.185 1.000000
0.844 -1.185 1.000000
0.894 -1.185 1.000000
0.944 -1.185 1.000000
0.994 -1.185 1.000000

-1.006 -1.135 1.000000
-0.956 -1.135 1.000000
-0.906 -1.135 1.000000
-0.856 -1.135 1.000000
-0.806 -1.135 1.000000
-0.756 -1.135 1.000000
-0.706 -1.135 1.000000
-0.656 -1.135 1.000000
-0.606 -1.135 1.000000
-0.556 -1.135 1.000000
-0.506 -1.135 1.000000
-0.456 -1.135 1.000000
-0.406 -1.135 1.000000
-0.356 -1.135 1.000000
-0.306 -1.135 1.000000
-0.256 -1.135 1.000000
-0.206 -1.135 1.000000
-0.156 -1.135 1.000000
-0.106 -1.135 1.000000
-0.056 -1.135 1.000000
-0.006 -1.135 1.000000
0.044 -1.135 1.000000
0.094 -1.135 1.000000
0.144 -1.135 1.000000
0.194 -1.135 1.000000
0.244 -1.135 1.000000
0.294 -1.135 1.000000
0.344 -1.135 1.000000
0.394 -1.135 1.000000
0.444 -1.135 1.000000
0.494 -1.135 1.000000
0.544 -1.135 1.000000
0.594 -1.135 1.000000
0.644 -1.135 1.000000
0.694 -1.135 1.000000
0.744 -1.135 1.000000
0.794 -1.135 1.000000
0.844 -1.135 1.000000
0.894 -1.135 1.000000
0.944 -1.135 1.000000
0.994 -1.135 1.000000

-1.006 -1.085 1.000000
-0.956 -1.085 1.000000
-0.906 -1.085 1.000000
-0.856 -1.085 1.000000
-0.806 -1.085 1.000000
-0.756 -1.085 1.000000
-0.706 -1.085 1.000000
-0.656 -1.085 1.000000
-0.606 -1.085 1.000000
-0.556 -1.085 1.000000
-0.506 -1.085 1.000000
-0.456 -1.085 1.000000
-0.406 -1.085 1.000000
-0.356 -1.085 1.000000
-0.306 -1.085 1.000000
-0.256 -1.085 1.000000
-0.206 -1.085 1.000000
-0.156 -1.085 1.000000
-0.106 -1.085 1.000000
-0.056 -1.085 1.000000
-0.006 -1.085 1.000000
0.044 -1.085 1.000000
0.094 -1.085 1.000000
0.144 -1.085 1.000000
0.194 -1.085 1.000000
0.244 -1.085 1.000000
0.294 -1.085 1.000000
0.344 -1.085 1.000000
0.394 -1.085 1.000000
0.444 -1.085 1.000000
0.494 -1.085 1.000000
0.544 -1.085 1.000000
0.594 -1.085 1.000000
0.644 -1.085 1.000000
0.694 -1.085 1.000000
0.744 -1.085 1.000000
0.794 -1.085 1.000000
0.844 -1.085 1.000000
0.894 -1.085 1.000000
0.944 -1.085 1.000000
0.994 -1.085 1.000000

-1.006 -1.035 1.000000
-0.956 -1.035 1.000000
-0.906 -1.035 1.000000
-0.856 -1.035 1.000000
-0.806 -1.035 1.000000
-0.756 -1.035 1.000000
-0.706 -1.035 1.000000
-0.656 -1.035 1.000000
-0.606 -1.035 1.000000
-0.556 -1.035 1.000000
-0.506 -1.035 1.000000
-0.456 -1.035 1.000000
-0.406 -1.035 1.000000
-0.356 -1.035 1.000000
-0.306 -1.035 1.000000
-0.256 -1.035 1.000000
-0.206 -1.035 1.000000
-0.156 -1.035 1.000000
-0.106 -1.035 1.000000
-0.056 -1.035 1.000000
-0.006 -1.035 1.000000
0.044 -1.035 1.000000
0.094 -1.035 1.000000
0.144 -1.035 1.000000
0.194 -1.035 1.000000
0.244 -1.035 1.000000
0.294 -1.035 1.000000
0.344 -1.035 1.000000
0.394 -1.035 1.000000
0.444 -1.035 1.000000
0.494 -1.035 1.000000
0.544 -1.035 1.000000
0.594 -1.035 1.000000
0.644 -1.035 1.000000
0.694 -1.035 1.000000
0.744 -1.035 1.000000
0.794 -1.035 1.000000
0.844 -1.035 1.000000
0.894 -1.035 1.000000
0.944 -1.035 1.000000
0.994 -1.035 1.000000

-1.006 -0.985 1.000000
-0.956 -0.985 1.000000
-0.906 -0.985 1.000000
-0.856 -0.985 1.000000
-0.806 -0.985 1.000000
-0.756 -0.985 1.000000
-0.706 -0.985 1.000000
-0.656 -0.985 1.000000
-0.606 -0.985 1.000000
-0.556 -0.985 1.000000
-0.506 -0.985 1.000000
-0.456 -0.985 1.000000
-0.406 -0.985 1.000000
-0.356 -0.985 1.000000
-0.306 -0.985 1.000000
-0.256 -0.985 1.000000
-0.206 -0.985 1.000000
-0.156 -0.985 1.000000
-0.106 -0.985 1.000000
-0.056 -0.985 1.000000
-0.006 -0.985 1.000000
0.044 -0.985 1.000000
0.094 -0.985 1.000000
0.144 -0.985 1.000000
0.194 -0.985 1.000000
0.244 -0.985 1.000000
0.294 -0.985 1.000000
0.344 -0.985 1.000000
0.394 -0.985 1.000000
0.444 -0.985 1.000000
0.494 -0.985 1.000000
0.544 -0.985 1.000000
0.594 -0.985 1.000000
0.644 -0.985 1.000000
0.694 -0.985 1.000000
0.744 -0.985 1.000000
0.794 -0.985 1.000000
0.844 -0.985 1.000000
0.894 -0.985 1.000000
0.944 -0.985 1.000000
0.994 -0.985 1.000000

-1.006 -0.935 1.000000
-0.956 -0.935 1.000000
-0.906 -0.935 1.000000
-0.856 -0.935 1.000000
-0.806 -0.935 1.000000
-0.756 -0.935 1.000000
-0.706 -0.935 1.000000
-0.656 -0.935 1.000000
-0.606 -0.935 1.000000
-0.556 -0.935 1.000000
-0.506 -0.935 1.000000
-0.456 -0.935 1.000000
-0.406 -0.935 1.000000
-0.356 -0.935 1.000000
-0.306 -0.935 1.000000
-0.256 -0.935 1.000000
-0.206 -0.935 1.000000
-0.156 -0.935 1.000000
-0.106 -0.935 1.000000
-0.056 -0.935 1.000000
-0.006 -0.935 1.000000
0.044 -0.935 1.000000
0.094 -0.935 1.000000
0.144 -0.935 1.000000
0.194 -0.935 1.000000
0.244 -0.935 1.000000
0.294 -0.935 1.000000
0.344 -0.935 1.000000
0.394 -0.935 1.000000
0.444 -0.935 1.000000
0.494 -0.935 1.000000
0.544 -0.935 1.000000
0.594 -0.935 1.000000
0.644 -0.935 1.000000
0.694 -0.935 1.000000
0.744 -0.935 1.000000
0.794 -0.935 1.000000
0.844 -0.935 1.000000
0.894 -0.935 1.000000
0.944 -0.935 1.000000
0.994 -0.935 1.000000

-1.006 -0.885 1.000000
-0.956 -0.885 1.000000
-0.906 -0.885 1.000000
-0.856 -0.885 1.000000
-0.806 -0.885 1.000000
-0.756 -0.885 1.000000
-0.706 -0.885 1.000000
-0.656 -0.885 1.000000
-0.606 -0.885 1.000000
-0.556 -0.885 1.000000
-0.506 -0.885 1.000000
-0.456 -0.885 1.000000
-0.406 -0.885 1.000000
-0.356 -0.885 1.000000
-0.306 -0.885 1.000000
-0.256 -0.885 1.000000
-0.206 -0.885 1.000000
-0.156 -0.885 1.000000
-0.106 -0.885 1.000000
-0.056 -0.885 1.000000
-0.006 -0.885 1.000000
0.044 -0.885 1.000000
0.094 -0.885 1.000000
0.144 -0.885 1.000000
0.194 -0.885 1.000000
0.244 -0.885 1.000000
0.294 -0.885 1.000000
0.344 -0.885 1.000000
0.394 -0.885 1.000000
0.444 -0.885 1.000000
0.494 -0.885 1.000000
0.544 -0.885 1.000000
0.594 -0.885 1.000000
0.644 -0.885 1.000000
0.694 -0.885 1.000000
0.744 -0.885 1.000000
0.794 -0.885 1.000000
0.844 -0.885 1.000000
0.894 -0.885 1.000000
0.944 -0.885 1.000000
0.994 -0.885 1.000000

-1.006 -0.835 1.000000
-0.956 -0.835 1.000000
-0.906 -0.835 1.000000
-0.856 -0.835 1.000000
-0.806 -0.835 1.000000
-0.756 -0.835 1.000000
-0.706 -0.835 1.000000
-0.656 -0.835 1.000000
-0.606 -0.835 1.000000
-0.556 -0.835 1.000000
-0.506 -0.835 1.000000
-0.456 -0.835 1.000000
-0.406 -0.835 1.000000
-0.356 -0.835 1.000000
-0.306 -0.835 1.000000
-0.256 -0.835 1.000000
-0.206 -0.835 1.000000
-0.156 -0.835 1.000000
-0.106 -0.835 1.000000
-0.056 -0.835 1.000000
-0.006 -0.835 1.000000
0.044 -0.835 1.000000
0.094 -0.835 1.000000
0.144 -0.835 1.000000
0.194 -0.835 1.000000
0.244 -0.835 1.000000
0.294 -0.835 1.000000
0.344 -0.835 1.000000
0.394 -0.835 1.000000
0.444 -0.835 1.000000
0.494 -0.835 1.000000
0.544 -0.835 1.000000
0.594 -0.835 1.000000
0.644 -0.835 1.000000
0.694 -0.835 1.000000
0.744 -0.835 1.000000
0.794 -0.835 1.000000
0.844 -0.835 1.000000
0.894 -0.835 1.000000
0.944 -0.835 1.000000
0.994 -0.835 1.000000

-1.006 -0.785 1.000000
-0.956 -0.785 1.000000
-0.906 -0.785 1.000000
-0.856 -0.785 1.000000
-0.806 -0.785 1.000000
-0.756 -0.785 1.000000
-0.706 -0.785 1.000000
-0.656 -0.785 1.000000
-0.606 -0.785 1.000000
-0.556 -0.785 1.000000
-0.506 -0.785 1.000000
-0.456 -0.785 1.000000
-0.406 -0.785 1.000000
-0.356 -0.785 1.000000
-0.306 -0.785 1.000000
-0.256 -0.785 1.000000
-0.206 -0.785 1.000000
-0.156 -0.785 1.000000
-0.106 -0.785 1.000000
-0.056 -0.785 1.000000
-0.006 -0.785 1.000000
0.044 -0.785 1.000000
0.094 -0.785 1.000000
0.144 -0.785 1.000000
0.194 -0.785 1.000000
0.244 -0.785 1.000000
0.294 -0.785 1.000000
0.344 -0.785 1.000000
0.394 -0.785 1.000000
0.444 -0.785 1.000000
0.494 -0.785 1.000000
0.544 -0.785 1.000000
0.594 -0.785 1.000000
0.644 -0.785 1.000000
0.694 -0.785 1.000000
0.744 -0.785 1.000000
0.794 -0.785 1.000000
0.844 -0.785 1.000000
0.894 -0.785 1.000000
0.944 -0.785 1.000000
0.994 -0.785 1.000000

-1.006 -0.735 1.000000
-0.956 -0.735 1.000000
-0.906 -0.735 1.000000
-0.856 -0.735 1.000000
-0.806 -0.735 1.000000
-0.756 -0.735 1.000000
-0.706 -0.735 1.000000
-0.656 -0.735 1.000000
-0.606 -0.735 1.000000
-0.556 -0.735 1.000000
-0.506 -0.735 1.000000
-0.456 -0.735 1.000000
-0.406 -0.735 1.000000
-0.356 -0.735 1.000000
-0.306 -0.735 1.000000
-0.256 -0.735 1.000000
-0.206 -0.735 1.000000
-0.156 -0.735 1.000000
-0.106 -0.735 1.000000
-0.056 -0.735 1.000000
-0.006 -0.735 1.000000
0.044 -0.735 1.000000
0.094 -0.735 1.000000
0.144 -0.735 1.000000
0.194 -0.735 1.000000
0.244 -0.735 1.000000
0.294 -0.735 1.000000
0.344 -0.735 1.000000
0.394 -0.735 1.000000
0.444 -0.735 1.000000
0.494 -0.735 1.000000
0.544 -0.735 1.000000
0.594 -0.735 1.000000
0.644 -0.735 1.000000
0.694 -0.735 1.000000
0.744 -0.735 1.000000
0.794 -0.735 1.000000
0.844 -0.735 1.000000
0.894 -0.735 1.000000
0.944 -0.735 1.000000
0.994 -0.735 1.000000

-1.006 -0.685 1.000000
-0.956 -0.685 1.000000
-0.906 -0.685 1.000000
-0.856 -0.685 1.000000
-0.806 -0.685 1.000000
-0.756 -0.685 1.000000
-0.706 -0.685 1.000000
-0.656 -0.685 1.000000
-0.606 -0.685 1.000000
-0.556 -0.685 1.000000
-0.506 -0.685 1.000000
-0.456 -0.685 1.000000
-0.406 -0.685 1.000000
-0.356 -0.685 1.000000
-0.306 -0.685 1.000000
-0.256 -0.685 1.000000
-0.206 -0.685 1.000000
-0.156 -0.685 1.000000
-0.106 -0.685 1.000000
-0.056 -0.685 1.000000
-0.006 -0.685 1.000000
0.044 -0.685 1.000000
0.094 -0.685 1.000000
0.144 -0.685 1.000000
0.194 -0.685 1.000000
0.244 -0.685 1.000000
0.294 -0.685 1.000000
0.344 -0.685 1.000000
0.394 -0.685 1.000000
0.444 -0.685 1.000000
0.494 -0.685 1.000000
0.544 -0.685 1.000000
0.594 -0.685 1.000000
0.644 -0.685 1.000000
0.694 -0.685 1.000000
0.744 -0.685 1.000000
0.794 -0.685 1.000000
0.844 -0.685 1.000000
0.894 -0.685 1.000000
0.944 -0.685 1.000000
0.994 -0.685 1.000000

-1.006 -0.635 1.000000
-0.956 -0.635 1.000000
-0.906 -0.635 1.000000
-0.856 -0.635 1.000000
-0.806 -0.635 1.000000
-0.756 -0.635 1.000000
-0.706 -0.635 1.000000
-0.656 -0.635 1.000000
-0.606 -0.635 1.000000
-0.556 -0.635 1.000000
-0.506 -0.635 1.000000
-0.456 -0.635 1.000000
-0.406 -0.635 1.000000
-0.356 -0.635 1.000000
-0.306 -0.635 1.000000
-0.256 -0.635 1.000000
-0.206 -0.635 1.000000
-0.156 -0.635 1.000000
-0.106 -0.635 1.000000
-0.056 -0.635 1.000000
-0.006 -0.635 1.000000
0.044 -0.635 1.000000
0.094 -0.635 1.000000
0.144 -0.635 1.000000
0.194 -0.635 1.000000
0.244 -0.635 1.000000
0.294 -0.635 1.000000
0.344 -0.635 1.000000
0.394 -0.635 1.000000
0.444 -0.635 1.000000
0.494 -0.635 1.000000
0.544 -0.635 1.000000
0.594 -0.635 1.000000
0.644 -0.635 1.000000
0.694 -0.635 1.000000
0.744 -0.635 1.000000
0.794 -0.635 1.000000
0.844 -0.635 1.000000
0.894 -0.635 1.000000
0.944 -0.635 1.000000
0.994 -0.635 1.000000

-1.006 -0.585 1.000000
-0.956 -0.585 1.000000
-0.906 -0.585 1.000000
-0.856 -0.585 1.000000
-0.806 -0.585 1.000000
-0.756 -0.585 1.000000
-0.706 -0.585 1.000000
-0.656 -0.585 1.000000
-0.606 -0.585 1.000000
-0.556 -0.585 1.000000
-0.506 -0.585 1.000000
-0.456 -0.585 1.000000
-0.406 -0.585 1.000000
-0.356 -0.585 1.000000
-0.306 -0.585 1.000000
-0.256 -0.585 1.000000
-0.206 -0.585 1.000000
-0.156 -0.585 1.000000
-0.106 -0.585 1.000000
-0.056 -0.585 1.000000
-0.006 -0.585 1.000000
0.044 -0.585 1.000000
0.094 -0.585 1.000000
0.144 -0.585 1.000000
0.194 -0.585 1.000000
0.244 -0.585 1.000000
0.294 -0.585 1.000000
0.344 -0.585 1.000000
0.394 -0.585 1.000000
0.444 -0.585 1.000000
0.494 -0.585 1.000000
0.544 -0.585 1.000000
0.594 -0.585 1.000000
0.644 -0.585 1.000000
0.694 -0.585 1.000000
0.744 -0.585 1.000000
0.794 -0.585 1.000000
0.844 -0.585 1.000000
0.894 -0.585 1.000000
0.944 -0.585 1.000000
0.994 -0.585 1.000000

-1.006 -0.535 1.000000
-0.956 -0.535 1.000000
-0.906 -0.535 1.000000
-0.856 -0.535 1.000000
-0.806 -0.535 1.000000
-0.756 -0.535 1.000000
-0.706 -0.535 1.000000
-0.656 -0.535 1.000000
-0.606 -0.535 1.000000
-0.556 -0.535 1.000000
-0.506 -0.535 1.000000
-0.456 -0.535 1.000000
-0.406 -0.535 1.000000
-0.356 -0.535 1.000000
-0.306 -0.535 1.000000
-0.256 -0.535 1.000000
-0.206 -0.535 1.000000
-0.156 -0.535 1.000000
-0.106 -0.535 1.000000
-0.056 -0.535 1.000000
-0.006 -0.535 1.000000
0.044 -0.535 1.000000
0.094 -0.535 1.000000
0.144 -0.535 1.000000
0.194 -0.535 1.000000
0.244 -0.535 1.000000
0.294 -0.535 1.000000
0.344 -0.535 1.000000
0.394 -0.535 1.000000
0.444 -0.535 1.000000
0.494 -0.535 1.000000
0.544 -0.535 1.000000
0.594 -0.535 1.000000
0.644 -0.535 1.000000
0.694 -0.535 1.000000
0.744 -0.535 1.000000
0.794 -0.535 1.000000
0.844 -0.535 1.000000
0.894 -0.535 1.000000
0.944 -0.535 1.000000
0.994 -0.535 1.000000

-1.006 -0.485 1.000000
-0.956 -0.485 1.000000
-0.906 -0.485 1.000000
-0.856 -0.485 1.000000
-0.806 -0.485 1.000000
-0.756 -0.485 1.000000
-0.706 -0.485 1.000000
-0.656 -0.485 1.000000
-0.606 -0.485 1.000000
-0.556 -0.485 1.000000
-0.506 -0.485 1.000000
-0.456 -0.485 1.000000
-0.406 -0.485 1.000000
-0.356 -0.485 1.000000
-0.306 -0.485 1.000000
-0.256 -0.485 1.000000
-0.206 -0.485 1.000000
-0.156 -0.485 1.000000
-0.106 -0.485 1.000000
-0.056 -0.485 1.000000
-0.006 -0.485 1.000000
0.044 -0.485 1.000000
0.094 -0.485 1.000000
0.144 -0.485 1.000000
0.194 -0.485 1.000000
0.244 -0.485 1.000000
0.294 -0.485 1.000000
0.344 -0.485 1.000000
0.394 -0.485 1.000000
0.444 -0.485 1.000000
0.494 -0.485 1.000000
0.544 -0.485 1.000000
0.594 -0.485 1.000000
0.644 -0.485 1.000000
0.694 -0.485 1.000000
0.744 -0.485 1.000000
0.794 -0.485 1.000000
0.844 -0.485 1.000000
0.894 -0.485 1.000000
0.944 -0.485 1.000000
0.994 -0.485 1.000000

-1.006 -0.435 1.000000
-0.956 -0.435 1.000000
-0.906 -0.435 1.000000
-0.856 -0.435 1.000000
-0.806 -0.435 1.000000
-0.756 -0.435 1.000000
-0.706 -0.435 1.000000
-0.656 -0.435 1.000000
-0.606 -0.435 1.000000
-0.556 -0.435 1.000000
-0.506 -0.435 1.000000
-0.456 -0.435 1.000000
-0.406 -0.435 1.000000
-0.356 -0.435 1.000000
-0.306 -0.435 1.000000
-0.256 -0.435 1.000000
-0.206 -0.435 1.000000
-0.156 -0.435 1.000000
-0.106 -0.435 1.000000
-0.056 -0.435 1.000000
-0.006 -0.435 1.000000
0.044 -0.435 1.000000
0.094 -0.435 1.000000
0.144 -0.435 1.000000
0.194 -0.435 1.000000
0.244 -0.435 1.000000
0.294 -0.435 1.000000
0.344 -0.435 1.000000
0.394 -0.435 1.000000
0.444 -0.435 1.000000
0.494 -0.435 1.000000
0.544 -0.435 1.000000
0.594 -0.435 1.000000
0.644 -0.435 1.000000
0.694 -0.435 1.000000
0.744 -0.435 1.000000
0.794 -0.435 1.000000
0.844 -0.435 1.000000
0.894 -0.435 1.000000
0.944 -0.435 1.000000
0.994 -0.435 1.000000

-1.006 -0.385 1.000000
-0.956 -0.385 1.000000
-0.906 -0.385 1.000000
-0.856 -0.385 1.000000
-0.806 -0.385 1.000000
-0.756 -0.385 1.000000
-0.706 -0.385 1.000000
-0.656 -0.385 1.000000
-0.606 -0.385 1.000000
-0.556 -0.385 1.000000
-0.506 -0.385 1.000000
-0.456 -0.385 1.000000
-0.406 -0.385 1.000000
-0.356 -0.385 1.000000
-0.306 -0.385 1.000000
-0.256 -0.385 1.000000
-0.206 -0.385 1.000000
-0.156 -0.385 1.000000
-0.106 -0.385 1.000000
-0.056 -0.385 1.000000
-0.006 -0.385 1.000000
0.044 -0.385 1.000000
0.094 -0.385 1.000000
0.144 -0.385 1.000000
0.194 -0.385 1.000000
0.244 -0.385 1.000000
0.294 -0.385 1.000000
0.344 -0.385 1.000000
0.394 -0.385 1.000000
0.444 -0.385 1.000000
0.494 -0.385 1.000000
0.544 -0.385 1.000000
0.594 -0.385 1.000000
0.644 -0.385 1.000000
0.694 -0.385 1.000000
0.744 -0.385 1.000000
0.794 -0.385 1.000000
0.844 -0.385 1.000000
0.894 -0.385 1.000000
0.944 -0.385 1.000000
0.994 -0.385 1.000000

-1.006 -0.335 1.000000
-0.956 -0.335 1.000000
-0.906 -0.335 1.000000
-0.856 -0.335 1.000000
-0.806 -0.335 1.000000
-0.756 -0.335 1.000000
-0.706 -0.335 1.000000
-0.656 -0.335 1.000000
-0.606 -0.335 1.000000
-0.556 -0.335 1.000000
-0.506 -0.335 1.000000
-0.456 -0.335 1.000000
-0.406 -0.335 1.000000
-0.356 -0.335 1.000000
-0.306 -0.335 1.000000
-0.256 -0.335 1.000000
-0.206 -0.335 1.000000
-0.156 -0.335 1.000000
-0.106 -0.335 1.000000
-0.056 -0.335 1.000000
-0.006 -0.335 1.000000
0.044 -0.335 1.000000
0.094 -0.335 1.000000
0.144 -0.335 1.000000
0.194 -0.335 1.000000
0.244 -0.335 1.000000
0.294 -0.335 1.000000
0.344 -0.335 1.000000
0.394 -0.335 1.000000
0.444 -0.335 1.000000
0.494 -0.335 1.000000
0.544 -0.335 1.000000
0.594 -0.335 1.000000
0.644 -0.335 1.000000
0.694 -0.335 1.000000
0.744 -0.335 1.000000
0.794 -0.335 1.000000
0.844 -0.335 1.000000
0.894 -0.335 1.000000
0.944 -0.335 1.000000
0.994 -0.335 1.000000

-1.006 -0.285 1.000000
-0.956 -0.285 1.000000
-0.906 -0.285 1.000000
-0.856 -0.285 1.000000
-0.806 -0.285 1.000000
-0.756 -0.285 1.000000
-0.706 -0.285 1.000000
-0.656 -0.285 1.000000
-0.606 -0.285 1.000000
-0.556 -0.285 1.000000
-0.506 -0.285 1.000000
-0.456 -0.285 1.000000
-0.406 -0.285 1.000000
-0.356 -0.285 1.000000
-0.306 -0.285 1.000000
-0.256 -0.285 1.000000
-0.206 -0.285 1.000000
-0.156 -0.285 1.000000
-0.106 -0.285 1.000000
-0.056 -0.285 1.000000
-0.006 -0.285 1.000000
0.044 -0.285 1.000000
0.094 -0.285 1.000000
0.144 -0.285 1.000000
0.194 -0.285 1.000000
0.244 -0.285 1.000000
0.294 -0.285 1.000000
0.344 -0.285 1.000000
0.394 -0.285 1.000000
0.444 -0.285 1.000000
0.494 -0.285 1.000000
0.544 -0.285 1.000000
0.594 -0.285 1.000000
0.644 -0.285 1.000000
0.694 -0.285 1.000000
0.744 -0.285 1.000000
0.794 -0.285 1.000000
0.844 -0.285 1.000000
0.894 -0.285 1.000000
0.944 -0.285 1.000000
0.994 -0.285 1.000000

-1.006 -0.235 1.000000
-0.956 -0.235 1.000000
-0.906 -0.235 1.000000
-0.856 -0.235 1.000000
-0.806 -0.235 1.000000
-0.756 -0.235 1.000000
-0.706 -0.235 1.000000
-0.656 -0.235 1.000000
-0.606 -0.235 1.000000
-0.556 -0.235 1.000000
-0.506 -0.235 1.000000
-0.456 -0.235 1.000000
-0.406 -0.235 1.000000
-0.356 -0.235 1.000000
-0.306 -0.235 1.000000
-0.256 -0.235 1.000000
-0.206 -0.235 1.000000
-0.156 -0.235 1.000000
-0.106 -0.235 1.000000
-0.056 -0.235 1.000000
-0.006 -0.235 1.000000
0.044 -0.235 1.000000
0.094 -0.235 1.000000
0.144 -0.235 1.000000
0.194 -0.235 1.000000
0.244 -0.235 1.000000
0.294 -0.235 1.000000
0.344 -0.235 1.000000
0.394 -0.235 1.000000
0.444 -0.235 1.000000
0.494 -0.235 1.000000
0.544 -0.235 1.000000
0.594 -0.235 1.000000
0.644 -0.235 1.000000
0.694 -0.235 1.000000
0.744 -0.235 1.000000
0.794 -0.235 1.000000
0.844 -0.235 1.000000
0.894 -0.235 1.000000
0.944 -0.235 1.000000
0.994 -0.235 1.000000

-1.006 -0.185 1.000000
-0.956 -0.185 1.000000
-0.906 -0.185 1.000000
-0.856 -0.185 1.000000
-0.806 -0.185 1.000000
-0.756 -0.185 1.000000
-0.706 -0.185 1.000000
-0.656 -0.185 1.000000
-0.606 -0.185 1.000000
-0.556 -0.185 1.000000
-0.506 -0.185 1.000000
-0.456 -0.185 1.000000
-0.406 -0.185 1.000000
-0.356 -0.185 1.000000
-0.306 -0.185 1.000000
-0.256 -0.185 1.000000
-0.206 -0.185 1.000000
-0.156 -0.185 1.000000
-0.106 -0.185 1.000000
-0.056 -0.185 1.000000
-0.006 -0.185 1.000000
0.044 -0.185 1.000000
0.094 -0.185 1.000000
0.144 -0.185 1.000000
0.194 -0.185 1.000000
0.244 -0.185 1.000000
0.294 -0.185 1.000000
0.344 -0.185 1.000000
0.394 -0.185 1.000000
0.444 -0.185 1.000000
0.494 -0.185 1.000000
0.544 -0.185 1.000000
0.594 -0.185 1.000000
0.644 -0.185 1.000000
0.694 -0.185 1.000000
0.744 -0.185 1.000000
0.794 -0.185 1.000000
0.844 -0.185 1.000000
0.894 -0.185 1.000000
0.944 -0.185 1.000000
0.994 -0.185 1.000000

-1.006 -0.135 1.000000
-0.956 -0.135 1.000000
-0.906 -0.135 1.000000
-0.856 -0.135 1.000000
-0.806 -0.135 1.000000
-0.756 -0.135 1.000000
-0.706 -0.135 1.000000
-0.656 -0.135 1.000000
-0.606 -0.135 1.000000
-0.556 -0.135 1.000000
-0.506 -0.135 1.000000
-0.456 -0.135 1.000000
-0.406 -0.135 1.000000
-0.356 -0.135 1.000000
-0.306 -0.135 1.000000
-0.256 -0.135 1.000000
-0.206 -0.135 1.000000
-0.156 -0.135 1.000000
-0.106 -0.135 1.000000
-0.056 -0.135 1.000000
-0.006 -0.135 1.000000
0.044 -0.135 1.000000
0.094 -0.135 1.000000
0.144 -0.135 1.000000
0.194 -0.135 1.000000
0.244 -0.135 1.000000
0.294 -0.135 1.000000
0.344 -0.135 1.000000
0.394 -0.135 1.000000
0.444 -0.135 1.000000
0.494 -0.135 1.000000
0.544 -0.135 1.000000
0.594 -0.135 1.000000
0.644 -0.135 1.000000
0.694 -0.135 1.000000
0.744 -0.135 1.000000
0.794 -0.135 1.000000
0.844 -0.135 1.000000
0.894 -0.135 1.000000
0.944 -0.135 1.000000
0.994 -0.135 1.000000

-1.006 -0.085 1.000000
-0.956 -0.085 1.000000
-0.906 -0.085 1.000000
-0.856 -0.085 1.000000
-0.806 -0.085 1.000000
-0.756 -0.085 1.000000
-0.706 -0.085 1.000000
-0.656 -0.085 1.000000
-0.606 -0.085 1.000000
-0.556 -0.085 1.000000
-0.506 -0.085 1.000000
-0.456 -0.085 1.000000
-0.406 -0.085 1.000000
-0.356 -0.085 1.000000
-0.306 -0.085 1.000000
-0.256 -0.085 1.000000
-0.206 -0.085 1.000000
-0.156 -0.085 1.000000
-0.106 -0.085 1.000000
-0.056 -0.085 1.000000
-0.006 -0.085 1.000000
0.044 -0.085 1.000000
0.094 -0.085 1.000000
0.144 -0.085 1.000000
0.194 -0.085 1.000000
0.244 -0.085 1.000000
0.294 -0.085 1.000000
0.344 -0.085 1.000000
0.394 -0.085 1.000000
0.444 -0.085 1.000000
0.494 -0.085 1.000000
0.544 -0.085 1.000000
0.594 -0.085 1.000000
0.644 -0.085 1.000000
0.694 -0.085 1.000000
0.744 -0.085 1.000000
0.794 -0.085 1.000000
0.844 -0.085 1.000000
0.894 -0.085 1.000000
0.944 -0.085 1.000000
0.994 -0.085 1.000000

-1.006 -0.035 1.000000
-0.956 -0.035 1.000000
-0.906 -0.035 1.000000
-0.856 -0.035 1.000000
-0.806 -0.035 1.000000
-0.756 -0.035 1.000000
-0.706 -0.035 1.000000
-0.656 -0.035 1.000000
-0.606 -0.035 1.000000
-0.556 -0.035 1.000000
-0.506 -0.035 1.000000
-0.456 -0.035 1.000000
-0.406 -0.035 1.000000
-0.356 -0.035 1.000000
-0.306 -0.035 1.000000
-0.256 -0.035 1.000000
-0.206 -0.035 1.000000
-0.156 -0.035 1.000000
-0.106 -0.035 1.000000
-0.056 -0.035 1.000000
-0.006 -0.035 1.000000
0.044 -0.035 1.000000
0.094 -0.035 1.000000
0.144 -0.035 1.000000
0.194 -0.035 1.000000
0.244 -0.035 1.000000
0.294 -0.035 1.000000
0.344 -0.035 1.000000
0.394 -0.035 1.000000
0.444 -0.035 1.000000
0.494 -0.035 1.000000
0.544 -0.035 1.000000
0.594 -0.035 1.000000
0.644 -0.035 1.000000
0.694 -0.035 1.000000
0.744 -0.035 1.000000
0.794 -0.035 1.000000
0.844 -0.035 1.000000
0.894 -0.035 1.000000
0.944 -0.035 1.000000
0.994 -0.035 1.000000

-1.006 0.015 1.000000
-0.956 0.015 1.000000
-0.906 0.015 1.000000
-0.856 0.015 1.000000
-0.806 0.015 1.000000
-0.756 0.015 1.000000
-0.706 0.015 1.000000
-0.656 0.015 1.000000
-0.606 0.015 1.000000
-0.556 0.015 1.000000
-0.506 0.015 1.000000
-0.456 0.015 1.000000
-0.406 0.015 1.000000
-0.356 0.015 1.000000
-0.306 0.015 1.000000
-0.256 0.015 1.000000
-0.206 0.015 1.000000
-0.156 0.015 1.000000
-0.106 0.015 1.000000
-0.056 0.015 1.000000
-0.006 0.015 1.000000
0.044 0.015 1.000000
0.094 0.015 1.000000
0.144 0.015 1.000000
0.194 0.015 1.000000
0.244 0.015 1.000000
0.294 0.015 1.000000
0.344 0.015 1.000000
0.394 0.015 1.000000
0.444 0.015 1.000000
0.494 0.015 1.000000
0.544 0.015 1.000000
0.594 0.015 1.000000
0.644 0.015 1.000000
0.694 0.015 1.000000
0.744 0.015 1.000000
0.794 0.015 1.000000
0.844 0.015 1.000000
0.894 0.015 1.000000
0.944 0.015 1.000000
0.994 0.015 1.000000

